1    1    2    0   
2    30   3    0   
3    50   4    0   
4    31   5    0   
5    26   6    0   
6    31   7    0   
7    27   0    0   
8    31   7    0   
9    2    10   0   
9    3    10   0   
9    26   14   0   
10   30   11   0   
11   50   12   0   
12   32   11   0   
13        0    0   
14   31   15   0   
15   27   0    0   
16   31   15   0   
17   12   18   0   
17   50   19   0   
17   4    21   0   
17   5    23   0   
17   8    27   0   
17   6    35   0   
18   50   0    0   
19   13   40   20  
19   30   0    0   
20        0    0   
21   28   40   22  
22   29   0    0   
23   28   24   0   
24   29   0    0   
24   50   25   0   
25   32   26   0   
25   29   0    0   
26   50   25   0   
27   28   43   47  
28   9    29   0   
29   31   30   0   
30   10   32   0   
31   31   30   0   
32   31   33   0   
33   11   0    0   
34   31   33   0   
35   28   43   36  
36   29   37   0   
37   7    38   0   
38   31   9    0   
39   31   0    0   
40   24   40   0   
40   28   40   41  
40   50   42   0   
40   51   42   0   
41   29   42   0   
42   23   40   0   
42   24   40   0   
42   25   40   0   
42   26   40   0   
43   22   43   0   
43   28   43   46  
44   14   40   45  
44   15   40   45  
44   16   40   45  
44   17   40   45  
44   18   40   45  
44   19   40   45  
45   20   43   0   
45   21   43   0   
46   29   45   0   
