init                           1                                                                       
:                              2                                                                       
program1                       3                                                                       
¶                              4                                                                       
/                              5                                                                       
¶                              6                                                                       
int                            7                                                                       
int                            9                                                                       8, 
:                              10                                                                      8, 
a                              11                                                                      8, 
,                              12                                                                      8, 
b                              11                                                                      8, 
¶                              12                                                                      8, 
¶                              8                                                                       
if                             7                                                                       
if                             9                                                                       8, 
if                             17                                                                      13, 8, 
(                              27                                                                      13, 8, 
a                              43                                                                      47, 13, 8, 
a                              40                                                                      44, 47, 13, 8, 
<                              42                                                                      44, 47, 13, 8, 
<                              44                                                                      47, 13, 8, 
b                              40                                                                      45, 47, 13, 8, 
)                              42                                                                      45, 47, 13, 8, 
)                              45                                                                      47, 13, 8, 
)                              47                                                                      13, 8, 
then                           28                                                                      13, 8, 
¶                              29                                                                      13, 8, 
goto                           30                                                                      13, 8, 
goto                           9                                                                       31, 13, 8, 
goto                           17                                                                      13, 31, 13, 8, 
exit                           18                                                                      13, 31, 13, 8, 
¶                              13                                                                      31, 13, 8, 
¶                              31                                                                      13, 8, 
else                           30                                                                      13, 8, 
¶                              32                                                                      13, 8, 
print                          33                                                                      13, 8, 
print                          9                                                                       34, 13, 8, 
print                          17                                                                      13, 34, 13, 8, 
(                              21                                                                      13, 34, 13, 8, 
a                              40                                                                      22, 13, 34, 13, 8, 
)                              42                                                                      22, 13, 34, 13, 8, 
)                              22                                                                      13, 34, 13, 8, 
¶                              13                                                                      34, 13, 8, 
¶                              34                                                                      13, 8, 
endif                          33                                                                      13, 8, 
¶                              13                                                                      8, 
¶                              8                                                                       
scan                           7                                                                       
scan                           9                                                                       8, 
scan                           17                                                                      13, 8, 
(                              23                                                                      13, 8, 
a                              24                                                                      13, 8, 
)                              25                                                                      13, 8, 
¶                              13                                                                      8, 
¶                              8                                                                       
b                              7                                                                       
b                              9                                                                       8, 
b                              17                                                                      13, 8, 
=                              19                                                                      13, 8, 
3                              40                                                                      20, 13, 8, 
¶                              42                                                                      20, 13, 8, 
¶                              20                                                                      13, 8, 
¶                              13                                                                      8, 
¶                              8                                                                       
while                          7                                                                       
while                          9                                                                       8, 
while                          17                                                                      13, 8, 
(                              35                                                                      13, 8, 
a                              43                                                                      36, 13, 8, 
a                              40                                                                      44, 36, 13, 8, 
>                              42                                                                      44, 36, 13, 8, 
>                              44                                                                      36, 13, 8, 
b                              40                                                                      45, 36, 13, 8, 
)                              42                                                                      45, 36, 13, 8, 
)                              45                                                                      36, 13, 8, 
)                              36                                                                      13, 8, 
do                             37                                                                      13, 8, 
¶                              38                                                                      13, 8, 
/                              9                                                                       13, 8, 
¶                              14                                                                      13, 8, 
a                              15                                                                      13, 8, 
a                              9                                                                       16, 13, 8, 
a                              17                                                                      13, 16, 13, 8, 
=                              19                                                                      13, 16, 13, 8, 
a                              40                                                                      20, 13, 16, 13, 8, 
-                              42                                                                      20, 13, 16, 13, 8, 
1                              40                                                                      20, 13, 16, 13, 8, 
¶                              42                                                                      20, 13, 16, 13, 8, 
¶                              20                                                                      13, 16, 13, 8, 
¶                              13                                                                      16, 13, 8, 
¶                              16                                                                      13, 8, 
\                              15                                                                      13, 8, 
¶                              13                                                                      8, 
¶                              8                                                                       
exit                           7                                                                       
exit                           9                                                                       8, 
exit                           17                                                                      13, 8, 
:                              19                                                                      13, 8, 
¶                              13                                                                      8, 
¶                              8                                                                       
\                              7                                                                       

, init, 
, init, /, 
, init, /, int, 



















